19127001
Deposit
1000000
1

19127002
Withdraw
3000000
1

19127003
Deposit
6000000
1

19127004
Deposit
6000000
1

19127005
Withdraw
20000000
1

19127006
Withdraw
20000000
1

19127007
Withdraw
12000000
1

19127008
Withdraw
21000000
1

19127009
Withdraw
75000000
1

19127010
Deposit
98000000
1

19127011
Deposit
50000000
1

19127012
Deposit
10000000
1

19127013
Deposit
15000000
1

19127014
Deposit
51000000
1

19127015
Deposit
30000000
1

19127016
Deposit
50000000
1

19127017
Deposit
520000000
1

19127018
Deposit
50000000
1

19127019
Deposit
56000000
1

19127020
Deposit
50000000
1





